  0.99500000000000000     
  0.99500000000000000     
  0.21933333333333332     
  0.99500000000000000     
  0.99500000000000000     
  0.93533333333333335     
  0.99500000000000000     
  0.39833333333333332     
  0.93533333333333335     
  0.99500000000000000     
  0.93533333333333335     
  0.99500000000000000     
  0.87566666666666659     
  0.93533333333333335     
  0.99500000000000000     
  0.87566666666666659     
  0.93533333333333335     
  0.99500000000000000     
  0.81599999999999995     
  0.87566666666666659     
  0.93533333333333335     
  0.99500000000000000     
  0.75633333333333330     
  0.81599999999999995     
  0.87566666666666659     
  0.93533333333333335     
  0.99500000000000000     
  0.63700000000000001     
  0.69666666666666666     
  0.75633333333333330     
  0.81599999999999995     
  0.87566666666666659     
  0.93533333333333335     
  0.99500000000000000     
  0.63700000000000001     
  0.69666666666666666     
  0.75633333333333330     
  0.81599999999999995     
  0.87566666666666659     
  0.93533333333333335     
  0.99500000000000000     
  0.69666666666666666     
  0.75633333333333330     
  0.81599999999999995     
  0.87566666666666659     
  0.93533333333333335     
  0.99500000000000000     
  0.69666666666666666     
  0.75633333333333330     
  0.81599999999999995     
  0.87566666666666659     
  0.93533333333333335     
  0.99500000000000000     
  0.75633333333333330     
  0.81599999999999995     
  0.87566666666666659     
  0.93533333333333335     
  0.99500000000000000     
