   1.0049999999999999     
   1.0049999999999999     
   1.0049999999999999          
   1.0049999999999999     
   1.0049999999999999     
   1.0579999999999998     
   1.0049999999999999     
   1.0579999999999998     
   1.0049999999999999     
   1.0579999999999998     
   1.1110000000000000     
   1.0049999999999999     
   1.0579999999999998     
   1.1110000000000000     
   1.0049999999999999     
   1.0579999999999998     
   1.1110000000000000     
   1.0049999999999999     
   1.0579999999999998     
   1.1110000000000000     
   1.1639999999999999     
   1.0049999999999999     
   1.0579999999999998     
   1.1110000000000000     
   1.1639999999999999     
   1.2169999999999999     
   1.0049999999999999     
   1.0579999999999998     
   1.1110000000000000     
   1.1639999999999999     
   1.2169999999999999     
   1.2700000000000000     
   1.3230000000000000     
   1.3759999999999999     
   1.0049999999999999     
   1.0579999999999998     
   1.1110000000000000     
   1.1639999999999999     
   1.2169999999999999     
   1.2700000000000000     
   1.3230000000000000     
   1.0049999999999999     
   1.0579999999999998     
   1.1110000000000000     
   1.1639999999999999     
   1.2169999999999999     
   1.2700000000000000     
   1.3230000000000000     
   1.0049999999999999     
   1.0579999999999998     
   1.1110000000000000     
   1.1639999999999999     
   1.2169999999999999     
   1.2700000000000000     
   1.0049999999999999     
   1.0579999999999998     
   1.1110000000000000     
   1.1639999999999999     
   1.2169999999999999     
   1.2700000000000000     
