   100.00000000000000     
   100.00000000000000     
   100.00000000000000     
   100.00000000000000     
   100.00000000000000     
   100.00000000000000     
   100.00000000000000     
   100.00000000000000     
   100.00000000000000     
   100.00000000000000     
   100.00000000000000     
   100.00000000000000     
   100.00000000000000     
   100.00000000000000     
   100.00000000000000     
   44.117647058823529     
   44.117647058823529     
   44.117647058823529     
   44.117647058823529     
   44.117647058823529     
   44.117647058823529     
   44.117647058823529     
   44.117647058823529     
   44.117647058823529     
   44.117647058823529     
   44.117647058823529     
   44.117647058823529     
   44.117647058823529     
   44.117647058823529     
   44.117647058823529     
   28.301886792452830     
   28.301886792452830     
   28.301886792452830     
   28.301886792452830     
   28.301886792452830     
   28.301886792452830     
   28.301886792452830     
   28.301886792452830     
   28.301886792452830     
   28.301886792452830     
   28.301886792452830     
   28.301886792452830     
   28.301886792452830     
   28.301886792452830     
   28.301886792452830     
   20.833333333333332     
   20.833333333333332     
   20.833333333333332     
   20.833333333333332     
   20.833333333333332     
   20.833333333333332     
   20.833333333333332     
   20.833333333333332     
   20.833333333333332     
   20.833333333333332     
   20.833333333333332     
   20.833333333333332     
   20.833333333333332     
   20.833333333333332     
   20.833333333333332     
   16.483516483516482     
   16.483516483516482     
   16.483516483516482     
   16.483516483516482     
   16.483516483516482     
   16.483516483516482     
   16.483516483516482     
   16.483516483516482     
   16.483516483516482     
   16.483516483516482     
   16.483516483516482     
   16.483516483516482     
   16.483516483516482     
   16.483516483516482     
   13.636363636363638     
   13.636363636363638     
   13.636363636363638     
   13.636363636363638     
   13.636363636363638     
   13.636363636363638     
   13.636363636363638     
   13.636363636363638     
   13.636363636363638     
   13.636363636363638     
   13.636363636363638     
   13.636363636363638     
   13.636363636363638     
   13.636363636363638     
   11.627906976744187     
   11.627906976744187     
   11.627906976744187     
   11.627906976744187     
   11.627906976744187     
   11.627906976744187     
   11.627906976744187     
   11.627906976744187     
   11.627906976744187     
   11.627906976744187     
   11.627906976744187     
   11.627906976744187     
   11.627906976744187     
   11.627906976744187     
   10.135135135135135     
   10.135135135135135     
   10.135135135135135     
   10.135135135135135     
   10.135135135135135     
   10.135135135135135     
   10.135135135135135     
   10.135135135135135     
   10.135135135135135     
   10.135135135135135     
   8.9820359281437128     
   8.9820359281437128     
   8.9820359281437128     
   8.9820359281437128     
   8.9820359281437128     
   8.9820359281437128     
   8.9820359281437128     
   8.9820359281437128     
   8.0645161290322598     
   8.0645161290322598     
   8.0645161290322598     
   8.0645161290322598     
   8.0645161290322598     
   7.3170731707317076     
   7.3170731707317076     
