  0.10000000000000001     
  0.15966666666666668     
  0.21933333333333332     
  0.27900000000000003     
  0.33866666666666667     
  0.39833333333333332     
  0.45799999999999996     
  0.51766666666666672     
  0.57733333333333337     
  0.63700000000000001     
  0.69666666666666666     
  0.75633333333333330     
  0.81599999999999995     
  0.87566666666666659     
  0.93533333333333335     
  0.10000000000000001     
  0.15966666666666668     
  0.21933333333333332     
  0.27900000000000003     
  0.33866666666666667     
  0.39833333333333332     
  0.45799999999999996     
  0.51766666666666672     
  0.57733333333333337     
  0.63700000000000001     
  0.69666666666666666     
  0.75633333333333330     
  0.81599999999999995     
  0.87566666666666659     
  0.93533333333333335     
  0.10000000000000001     
  0.15966666666666668     
  0.21933333333333332     
  0.27900000000000003     
  0.33866666666666667     
  0.39833333333333332     
  0.45799999999999996     
  0.51766666666666672     
  0.57733333333333337     
  0.63700000000000001     
  0.69666666666666666     
  0.75633333333333330     
  0.81599999999999995     
  0.87566666666666659     
  0.93533333333333335     
  0.10000000000000001     
  0.15966666666666668     
  0.21933333333333332     
  0.27900000000000003     
  0.33866666666666667     
  0.39833333333333332     
  0.45799999999999996     
  0.51766666666666672     
  0.57733333333333337     
  0.63700000000000001     
  0.69666666666666666     
  0.75633333333333330     
  0.81599999999999995     
  0.87566666666666659     
  0.93533333333333335     
  0.10000000000000001     
  0.15966666666666668     
  0.21933333333333332     
  0.27900000000000003     
  0.33866666666666667     
  0.39833333333333332     
  0.45799999999999996     
  0.51766666666666672     
  0.57733333333333337     
  0.63700000000000001     
  0.69666666666666666     
  0.75633333333333330     
  0.81599999999999995     
  0.87566666666666659     
  0.10000000000000001     
  0.15966666666666668     
  0.21933333333333332     
  0.27900000000000003     
  0.33866666666666667     
  0.39833333333333332     
  0.45799999999999996     
  0.51766666666666672     
  0.57733333333333337     
  0.63700000000000001     
  0.69666666666666666     
  0.75633333333333330     
  0.81599999999999995     
  0.87566666666666659     
  0.10000000000000001     
  0.15966666666666668     
  0.21933333333333332     
  0.27900000000000003     
  0.33866666666666667     
  0.39833333333333332     
  0.45799999999999996     
  0.51766666666666672     
  0.57733333333333337     
  0.63700000000000001     
  0.69666666666666666     
  0.75633333333333330     
  0.81599999999999995     
  0.87566666666666659     
  0.27900000000000003     
  0.33866666666666667     
  0.39833333333333332     
  0.45799999999999996     
  0.51766666666666672     
  0.57733333333333337     
  0.63700000000000001     
  0.69666666666666666     
  0.75633333333333330     
  0.81599999999999995     
  0.39833333333333332     
  0.45799999999999996     
  0.51766666666666672     
  0.57733333333333337     
  0.63700000000000001     
  0.69666666666666666     
  0.75633333333333330     
  0.81599999999999995     
  0.51766666666666672     
  0.57733333333333337     
  0.63700000000000001     
  0.69666666666666666     
  0.75633333333333330     
  0.63700000000000001     
  0.69666666666666666     
