   1.0579999999999998     
   1.1110000000000000     
   1.1639999999999999     
   1.2169999999999999  
   1.8000000000000000   
   1.2700000000000000     
   1.3230000000000000     
   1.3759999999999999     
   1.4290000000000000     
   1.4820000000000000     
   1.5350000000000001     
   1.5880000000000001     
   1.6410000000000000     
   1.6940000000000000     
   1.7470000000000001     
   1.8000000000000000     
   1.0579999999999998     
   1.1110000000000000     
   1.1639999999999999     
   1.2169999999999999     
   1.2700000000000000     
   1.3230000000000000     
   1.3759999999999999     
   1.4290000000000000     
   1.4820000000000000     
   1.5350000000000001     
   1.5880000000000001     
   1.6410000000000000     
   1.6940000000000000     
   1.7470000000000001     
   1.8000000000000000     
   1.0579999999999998     
   1.1110000000000000     
   1.1639999999999999     
   1.2169999999999999     
   1.2700000000000000     
   1.3230000000000000     
   1.3759999999999999     
   1.4290000000000000     
   1.4820000000000000     
   1.5350000000000001     
   1.5880000000000001     
   1.6410000000000000     
   1.6940000000000000     
   1.7470000000000001     
   1.0579999999999998     
   1.1110000000000000     
   1.1639999999999999     
   1.2169999999999999     
   1.2700000000000000     
   1.3230000000000000     
   1.3759999999999999     
   1.4290000000000000     
   1.4820000000000000     
   1.5350000000000001     
   1.5880000000000001     
   1.6410000000000000     
   1.6940000000000000     
   1.7470000000000001     
   1.8000000000000000     
   1.1110000000000000     
   1.1639999999999999     
   1.2169999999999999     
   1.2700000000000000     
   1.3230000000000000     
   1.3759999999999999     
   1.4290000000000000     
   1.4820000000000000     
   1.5350000000000001     
   1.5880000000000001     
   1.6410000000000000     
   1.6940000000000000     
   1.7470000000000001     
   1.8000000000000000     
   1.1110000000000000     
   1.1639999999999999     
   1.2169999999999999     
   1.2700000000000000     
   1.3230000000000000     
   1.3759999999999999     
   1.4290000000000000     
   1.4820000000000000     
   1.5350000000000001     
   1.5880000000000001     
   1.6410000000000000     
   1.6940000000000000     
   1.7470000000000001     
   1.8000000000000000     
   1.1639999999999999     
   1.2169999999999999     
   1.2700000000000000     
   1.3230000000000000     
   1.3759999999999999     
   1.4290000000000000     
   1.4820000000000000     
   1.5350000000000001     
   1.5880000000000001     
   1.6410000000000000     
   1.6940000000000000     
   1.7470000000000001     
   1.8000000000000000     
   1.1639999999999999     
   1.2169999999999999     
   1.2700000000000000     
   1.3230000000000000     
   1.3759999999999999     
   1.4290000000000000     
   1.4820000000000000     
   1.5350000000000001     
   1.5880000000000001     
   1.6410000000000000     
   1.6940000000000000     
   1.1639999999999999     
   1.2169999999999999     
   1.2700000000000000     
   1.3230000000000000     
   1.3759999999999999     
   1.4290000000000000     
   1.4820000000000000     
   1.5350000000000001     
   1.5880000000000001     
   1.2169999999999999     
   1.2700000000000000     
   1.3230000000000000     
   1.3759999999999999     
   1.4290000000000000     
   1.4820000000000000     
   1.2700000000000000     
   1.3230000000000000     
   1.3759999999999999          
